$ANSIBLE_VAULT;1.1;AES256
36343362316332303636343434653065306339343966623761613332373566353537323837306438
6163613931383164323065653731346166363436626363370a353664303935333136336232623938
32306134633466646233636631646134633034623963356232376261393438346161623365376134
3638663333333366370a396539646337373964646335316365393862363334343936336566303635
35663238353837623564336466356263643339343738383637666232666364666263653162393361
37353933636463633030616139306439386461653630373933303434653138336339396162323735
66313638653133653536333430313031656563353065613333353961333062393634333965623833
32356430363632643961653731396130613861383465373636373033633865366561333966666338
38323834343332333563346138376562653931326530653532386133646636623464653930356666
38346239366366653030343230323634393237376265623332366564316330643539633233316236
63616431373366616137303035643830643266653932636262346539663963363764333565316532
65363737313664626436653632636362666166376133666165356562396463363465303764656630
63616339636431333630646264343530326265303033663661386438663466633836303766366337
65333938643365373834366539313331383032366139616338333032313664316561393263386464
34643732353164346333376266316364346334383234653637353466356463643136396464663138
66363436656439636665646131356364643866663133376565633263343934663931373635633136
62633863383431326532303531353666643264316338653735613236383836303839633663373634
66633334356537623939326133343466313464366536376364616432363039316637363865663666
66386466376130383032303563656661623738626264623839666330656137323165636465343636
61373335323865353766303331336639363239353063376139353431633963393533316261663233
65643363326435333035386463366463383439333264656166373535656637343339613930356334
36616433383964656237363262366364356134346432363134306435386631643237633834643731
61653764303132616135393866333939633962633935616564373133396533303364623763613136
38616630623632346538386133393133343531623338393135313137373736306563323336646464
30356361633238623335663539363932363630386134653764373939323834303530393166636432
36666366643330393565336261636531323532663038376261633863346339333134666365656464
36333564383730353031313963623234623032653539326338376365383763643634396138336239
35663734626530336435656131633731363862323235306339396334663635636433383136396666
63323939383264323565653230383938663735613330336565326138643236346662363063636137
32656161383436363732396532393061336366323332343837653334393835653161306636376633
36376462343233333132623137313136353364643832643030613335326432653366333431343736
33313362363162666338653335313064626335386230396230313138303063613438616565313466
30336166636439323965353936613361396565383336633632373835383234326232333363393034
39353365396137393639616664396531333762333864653433393961373064323833313430316532
31333934626639646566346263643831323335356138353036613938643232616530353662316133
30633538393337313862383438633361366335373363316332653237336133326131356635306664
37636533613933373331373064336363643435643532396464383633653131303163393438386639
35323734653861653633393134616638386364636235373635386162396435643732393365383335
38323161326262346539633434336131633236393735613266303366626531623036636437643532
39323534653761333135643639646465393438303637323163613432633034376664323833663332
39306364373738666133636531643930353333353932316166373064393437616363636138613234
31303036393537643066373861383365663163303031336138623430653838613139373835333066
30626264643536316435303833383434336232376363346331646139623561656262383538323038
34336438613530303834626432663233353465636136616532336330373866333362353134623938
31366461633838626634363764333264656335383566353133616533326430663161616634353162
33393733356561373965303330356266613130613765363039303438346363616634303265653337
62656336313439376535636637366563656237636365303334316266333930316338393938373537
36626465306665333065663236663533393233663531643239363630623030623463633533646439
38613739326266636164623431636561396139353634656239383234613739623634353631643633
66633531363736303961336234306431636562373735663262616534343438393763306136303061
39666237656230386430306231343965336535386335346163353531303133363863376537393838
37636236356539616135393030643032343364333831356365663235366334663434613632346537
32326330393931343163366132663139623435646638626162356637386266393565393733316433
39656539613332623664666136313465393065336563363163346462346366373238666330313635
30306661666635623137386137363766326264326137333866353562306536666638303734393238
64623362656236313832613437306566613439303239623463376431383932616363666661663366
38613234343862373435626437646562323563393135313838373438663665316362323633363031
36333066653137313365373539343765376266626262633030316265353261393237643939666465
35353631643561313638333063316136656662623161376163343131336437333762373238396362
32343161643930313266363731396139353536653638393364373335326534666561393932326638
63663565333831333361326634626633623930663033366636316565316636333331616638653862
34626334343262336537636665373765316336326134376635663334396636386638633830393166
37326631336335613466636238633262656265396536636535663366386635316261386365333561
39366166333963396638326264383338646633306336383134396631326538333264656435336435
65333036633237636630643762313037633837323365666631326134373439356666646166376132
36356430396634626563636564633131373762643463653535616636653365336134313737643132
32393063333662343635336561656631346462613130663834326366613861633039633739376262
34313463343062643364343763336662376163613063396162343163663030633130376332393837
35333236666332313939316561323838383363373539613835306433633131353636353736656135
32626163613437326164323739353138356330363036343433626561393635666337353733306363
62303331323366363734393630346664666637336531643430353532333230326566396534373661
36633631646438633438353539353162393132663834656231363531646339623738646635633634
37353232386130383430393238666461633261633031383732373131303939636439333733383634
61386165623365613639636235323865316532316466656163663531636239653534303039393063
33323438623565313135626565613632396331613062323162393530393233326166663664366134
31636162663165656431613562303462643566643861393237626138363962306363316633663362
39633433373666313833336130376238623736626566366331396538386263393934393135303665
35656363646533663562643361323735383762366131346533643862636430623238353734633438
65653334316632326366366361656130376336633936646566363431623764363966616138373066
62343861626261643636653563663031613365316437333935376662343632343133363336343166
31666332333565346264336161653537646163303037333661376230653034646166363564666532
64613366376262393431373133393337336437626366666538333131313031333836656132336435
30383932343337353931383533306433303933383062646530616361306231356335383537663363
33373661646138623065383961393734343732383033653132336235666335383066363365656462
33323437383030383666326532373965323366613632383332303530656362366435356538303764
66653263613635346632366134653333663931626434623930663231366534333938663636346637
39613434633530373435613237356132343766636562323463623365363761306234343931633061
39323133393466623134373834643831306664396433633531323163663938396561653039306537
65626266343731663338363233643235356337623862616666396663363464336366306630346663
33613434663637636333303538353934313935616562326232346632616662323236323338646337
38636466636630313964303466643932353435343766356131376330383330633930653063353465
39663639376339353932633439333061643633666138646234356235373735343339353361363338
35636265626639313238623534613035623934376165343735303735636638363665326637643931
31666431663131396432633132613561386534363234323462646163653731376330333766393563
39643861343765373633663634356333383236383162306236353730356138663562366434646133
62346462306639396133653232663730326162366262306234336434656263346136646530333564
30306363383164383331333432326532353432346465363165633031313834626131386666656533
65396634356632333534333464616439633762336662303030346330623735626630363662653263
32356430353963663538636331383333313036323536396639363138353962373038653630306564
30353437643663383439333236343564653635613130653234646339303461396534396338343066
39633332663263303165396539373739393762343865386362393032636462303132316662323762
38313565643630613633616466663161336634396633613739333536646563303036633334343035
32663164643937313863633466393831336165666266633363333133333933303139303561653133
37313432383431363737616364383338383738326432633062383333316237643737636561356561
62616663636634333336623662386262383636383836303734623038396630626533323033633966
64386536333035386338656366393638386363613563373065386635633363366662313762326561
61376236633963663962353533393766353665363261663036393035396663313361376262316436
62633138656665393639653033373134343465646432373231323832353332353165633530326634
34613435306533656332666232323530313138343435306462613938356631643861333965393663
63613561313539623539353661303566666163643830336135623430363564633335343966396264
39353932656264326264393661303263343034616366366564386639643265386562326634383332
38333639396430356361393938396436333535333932393861353832353665313331323766303461
66316333333135666235383063323630663435636338633439306339626335633265666436346362
31393036353262363535663037633835663836326431316465376239346334323733346338363363
32363334383938343737383636383566636238623038646435646437356532393638663239353466
62653039343863383063656335333835376439336261646536333265363266323834386132646239
31323536643964613231333932383638653064623639346136346261653338313433636233323437
39333462373130633331616430643133323331663365356439666338383933393562346338366530
65356365623762306663333464353535633361383465383537323866373135656237353662393465
30366535646236626138373963643666376332653032383933346562303931663333653338623864
65653063303563346362343065636433323661633362623336613939366439636365623334386662
39653666313033613964393235326236366566333631313262653033663262623364323764663166
63323465353434663035653637336431656433366430666538393533303439313263306630313931
35356261356534636435373735643839623339383139366331363533633963653035653463393330
37656139663761393839663766356466613933623934323938636664643039313966396361396561
64366563313835663937346237313236626639376631663132323166613266333861333339323530
65326133656436393263636634393630386132636661633766666566613966373431653761633839
61663866306633303733333539636263376566636461313533393263643765633935653237626538
39336535313432656134653966643332326365366233363530343036393637303562366231666536
65383639373563643863306336343163326665383035363834333964353338643436663061653231
62656239623266333530333832343532383337646232326638356436383563383533343538663866
62353636626665303866353232613635343936656161653232323864386330636362333635376464
35653031393635306230333164353235663134343732366664663536323534313730653733363864
62376437396430303531363931383234373739366236646662646565353130323064336434373335
66303765353564613934653862623133356462363436636336353365656661323531313139323562
31313761326434383562633661363730343932393937303965336231366334343238333165636366
63656235303239383063386265336334353134323563356237613062626264313633663231656561
63383735623030646462353038623639306534393562376635383636353362656131616438666466
66646133633833306336303361353538323131643063323965376335393230656163623833363762
33393462343239373764636465613436303661633464353132383362646130613739336361323362
33376366363637343039663666643231383462383239666263656638313839666437356639306564
37653964643037366133613138366434616231323161663136386634383732316463393665616437
32336231336665316531616633653565376630653731353562333632303231623762616663313061
61633730623662333962303733316637303339343230613137383936323466373639643366363836
65656437396561653937356362323338623935623639353563333039633338343633623663343436
38376630366536653036313764323865636566333935643231616238623865303939633866303664
65656633336565313936633232666332333338323630656461653132633937623331383862663062
35396264623939626166663236656639383934346564333063623961396666316664613736383766
31653562306236383738623662616337613265653761306262303732386161626534396636643033
64333666646234646362393838663539313065386166376238613030333034326562373566373232
36313132313330613732393330366234333634633464326139383331633439306535663237313738
30303761636166363138333237616264353965303365323064323863373736356137376531393837
38386436383832656461333933366537373239653831313739323265623063326337333837653536
62313735656533616663616264663361613530663934366138643031386332643064363833306362
37373932653832303633333765336661373432346335326161313963343332346361363838366562
65393865343939623730303431306131323533643063663233326666383231643436303532313038
65396139353430356633653130343464386131666131396534316136323964653833653662306161
35343437653630373436663063346236616630613735303533663436336435366337323035666261
35353533316231353164663131656438333062336336396631323363376439666630666331383832
39663332616433393239343161616233333532336465316562383639353466373032666636653835
39313066353663373335346433643034353035343331656338393363363565373761623938323764
62353736386461663366646566383637623136653533326237323031313963366435626336623434
32303236666437383635343939356339313030376637326334633665633932626330353961663733
38663330383637393537363631656231393030373338616337633163366335363036386165333062
62373765643232376637366366356339363533373632653935663466313937643034616232323731
6331653739323163616535396530373361626534323232373536
